((("sorted" .
   [0 0 0 0 0 1])
  ("s" .
   [6])
  ("tags" .
   [2 0 0 0])
  ("keys" .
   [2 0 0 0])
  ("values" .
   [0 0 1 0 0 0])
  ("wsj1" .
   [2 0 0 0])
  ("wsj" .
   [3 0 0])
  ("ConditionalFreqDist" .
   [0 0 0 2 0 0 0 0 0 0 0 0 0 0 0 0 0 0 0])
  ("wsj2" .
   [2 0 0 0])
  ("FreqDist" .
   [0 0 0 0 1 0 0 0])
  ("wsjwo" .
   [1 0 0 0 0])
  ("pickle" .
   [0 0 1 0 0 0])
  ("load" .
   [2 0 0 0])
  ("fen" .
   [1 0 0])
  ("tmp_lines" .
   [1 0 0 0 0 0 0 0 0])
  ("readline" .
   [0 0 0 0 0 0 0 2])
  ("tmp_line" .
   [0 0 0 0 1 0 0 2])
  ("mro" .
   [1 0 0])
  ("ans" .
   [1 0 0])
  ("join" .
   [1 0 0 0])
  ("jieba_cut" .
   [0 0 0 0 0 0 0 0 2])
  ("tag" .
   [10 0 0])
  ("nltk" .
   [4 0 2 0])
  ("locals" .
   [0 0 0 0 0 1])
  ("Tiezi" .
   [0 1 0 0 0])
  ("Xinwen" .
   [0 0 0 1 0 0])
  ("Xiaoxi" .
   [1 0 0 0 0 0])
  ("Yezhuhui" .
   [0 0 0 0 0 0 0 1])
  ("Wuye" .
   [0 0 0 1])
  ("Xiaoqu" .
   [0 0 2 0 0 1])
  ("BACKEND" .
   [0 0 1 0 0 0 0])
  ("bd" .
   [1 0])
  ("include" .
   [1 0 0 0 0 0 0])
  ("all" .
   [0 0 1])
  ("query" .
   [0 0 0 1 0])
  ("Fenlei" .
   [0 0 1 2 0 3])
  ("True" .
   [0 1 2 1])
  ("$gongsi_name" .
   [1 0 0 0 0 0 0 0 0 0 0 0])
  ("$del_link" .
   [2 0 0 0 0 0 0 0 0])
  ("$del_url" .
   [2 0 0 0 0 0 0 0])
  ("$gongsi_id" .
   [0 0 0 0 0 0 0 1 0 1])
  ("$name" .
   [1 0 0 0 0])
  ("$query" .
   [3 0 0 0 0 2])
  ("shell-command-to-string" .
   [0 0 0 0 0 0 0 0 0 0 0 0 0 0 0 0 1 0 0 0 0 0 0])
  ("file" .
   [1 0 0 0])
  ("buffer" .
   [1 0 0 0 0 0])
  ("file-name" .
   [0 0 0 0 0 0 0 0 1])
  ("split-window-right" .
   [0 0 0 0 1 0 0 0 0 0 0 0 0 0 0 0 0 0])
  ("my-exec-line" .
   [0 0 0 0 0 1 0 0 0 0 0 0])
  ("shell-command" .
   [0 0 0 0 0 0 0 0 0 1 0 0 1])
  ("$con" .
   [1 0 0 0])
  ("$dai" .
   [1 0 0 0])
  ("$wen" .
   [1 0 0 1])
  ("$page_link" .
   [0 0 0 0 0 0 0 0 0 1])
  ("$page_" .
   [0 0 0 0 0 1])
  ("sphinx" .
   [1 0 0 0 0 0])
  ("assertRegExp" .
   [0 0 0 0 0 0 0 0 1 0 0 0])
  ("assert" .
   [0 0 0 0 0 2])
  ("assertequals" .
   [0 0 0 0 0 1 0 0 0 0 0 0])
  ("assertTrue" .
   [0 0 0 0 1 0 0 0 0 1])
  ("$query1" .
   [0 0 0 0 0 0 3])
  ("todo" .
   [1 0 0 0])
  ("$j" .
   [1 0])
  ("msh" .
   [1 0 0])
  ("null" .
   [0 0 1 0])
  ("$description" .
   [0 0 0 0 0 1 0 0 0 0 0 0])
  ("release" .
   [0 0 0 0 0 0 1])
  ("15" .
   [3 0])
  ("font" .
   [1 0 0 0])
  ("text" .
   [0 0 0 1])
  ("touview" .
   [0 0 0 1 0 0 0])
  ("button" .
   [0 0 0 0 2 0])
  ("50" .
   [1 0])
  ("280" .
   [1 0 0])
  ("w" .
   [3])
  ("int" .
   [1 0 0])
  ("colorWithRed" .
   [0 0 0 0 1 0 0 0 0 0 0 1])
  ("clearColor" .
   [0 0 1 0 0 0 0 0 0 0])
  ("red" .
   [1 0 0])
  ("blue" .
   [5 0 0 2])
  ("greenColor" .
   [0 0 0 0 0 0 2 0 0 0])
  ("backgroundColor" .
   [0 0 0 0 0 0 1 0 0 0 0 0 0 0 0])
  ("souview" .
   [0 0 0 0 2 1 0])
  ("save" .
   [2 0 0 0])
  ("$var" .
   [1 0 0 0])
  ("$vars" .
   [3 0 0 0 0])
  ("array_unique" .
   [0 0 0 0 0 0 0 0 0 1 0 0])
  ("require_once" .
   [0 0 0 0 0 0 0 0 0 0 1 0])
  ("$str" .
   [3 0 0 0])
  ("preg_match_all" .
   [0 0 0 0 0 0 0 0 0 0 0 0 1 0])
  ("$txt" .
   [2 0 0 0])
  ("file_get_contents" .
   [0 0 0 0 0 1 0 0 1 0 0 0 0 0 0 0 0])
  ("search" .
   [0 0 0 0 1 1])
  ("search2014" .
   [0 0 0 0 1 0 0 0 2 0])
  ("NSLog" .
   [0 0 0 0 1])
  ("20" .
   [2 0])
  ("2" .
   [1])
  ("img" .
   [3 0 0])
  ("10" .
   [13 0])
  ("100" .
   [17 0 0])
  ("255" .
   [2 0 0])
  ("NSObject" .
   [0 0 2 0 0 0 0 0])
  ("uv" .
   [1 0])
  ("fx-day" .
   [1 0 0 0 0 0])
  ("$gongsi" .
   [1 0 0 0 0 0 0])
  ("$msh_rs" .
   [0 0 0 0 0 0 1])
  ("$ip" .
   [1 0 0])
  ("$rs1" .
   [1 0 0 0])
  ("$rs" .
   [2 0 0])
  ("foreach" .
   [1 0 0 0 0 1 0])
  ("3131" .
   [3 0 0 0])
  ("$gs_id" .
   [4 0 0 0 0 0])
  ("top-regexp" .
   [0 0 0 0 0 0 0 1 0 0])
  ("messages" .
   [1 0 0 0 0 0 0 0])
  ("message." .
   [0 0 0 0 0 0 0 1])
  ("isearch-forward-at-point" .
   [0 0 0 0 0 0 0 0 0 0 0 0 0 0 0 0 0 0 1 0 0 0 0 0])
  ("else" .
   [3 0 0 0])
  ("$h1" .
   [4 0 0])
  ("$type" .
   [2 0 0 0 0])
  ("$url_before" .
   [0 0 0 0 1 1 1 0 0 0 0])
  ("$keyword" .
   [1 0 0 0 0 0 0 0])
  ("topjob" .
   [1 0 0 0 0 0])
  ("topmsh" .
   [1 0 0 0 0 0])
  ("EOF" .
   [1 0 0])
  ("kbd" .
   [1 0 0])
  ("helm" .
   [1 0 0 0])
  ("visual-line" .
   [0 0 0 0 0 1 0 0 0 0 0])
  ("visual-line-mode" .
   [0 0 0 0 0 1 0 0 0 0 0 0 0 0 0 1])
  ("set" .
   [1 0 0])
  ("mode-line-config" .
   [0 0 0 0 0 0 1 0 0 0 0 0 0 0 0 0])
  ("mode-local" .
   [0 0 0 0 1 0 0 0 0 0])
  ("mode-line-coding-system-map" .
   [0 0 0 0 0 0 0 0 0 0 0 0 1 0 0 0 0 0 0 0 0 0 0 0 0 0 0])
  ("nginx-mode" .
   [1 0 0 0 0 0 0 0 0 1])
  ("aa" .
   [1 0])
  ("conf-mode" .
   [2 0 0 0 0 1 0 0 0])
  ("shell_exec" .
   [1 0 0 0 0 0 1 0 0 0])
  ("echo" .
   [6 0 4 0])
  ("php-manual-url" .
   [0 0 0 0 0 0 0 1 0 0 0 0 0 0])
  ("php-manual-path" .
   [0 0 0 0 0 0 1 0 0 0 0 0 0 0 0])
  ("a" .
   [3])
  ("php" .
   [7 0 6])
  ("array" .
   [10 1 0 2 0])
  ("mysqldump" .
   [0 0 0 1 0 0 0 0 0])
  ("m" .
   [2])
  ("mysql" .
   [1 1 1 0 3])
  ("php-config" .
   [0 0 0 0 0 0 0 1 0 0])
  ("php-complete-function" .
   [0 0 0 0 0 0 0 1 0 0 0 0 0 0 0 0 0 0 0 0 0])
  ("php-mode" .
   [1 0 0 0 0 0 0 0])
  ("nrepl-interactive-eval-print" .
   [0 0 0 0 0 0 0 0 0 0 0 0 0 0 0 0 0 0 0 0 0 0 0 1 0 0 0 0])
  ("find-alternate-file" .
   [0 0 0 0 0 0 0 2 0 0 0 0 0 0 0 0 0 0 0])
  ("find-if" .
   [0 0 0 0 0 0 1])
  ("find-file" .
   [0 0 0 0 0 0 1 0 1])
  ("fName" .
   [0 0 2 0 0])
  ("*" .
   [1])
  ("let" .
   [1 0 0])
  ("message" .
   [0 0 0 1 0 0 6])
  ("interactive" .
   [0 0 0 0 0 2 0 0 0 0 0])
  ("defun" .
   [0 0 0 0 2])
  ("pv" .
   [1 0])
  ("-main1" .
   [2 0 0 0 0 0])
  ("count" .
   [0 0 0 1 1])
  ("re-seq" .
   [2 0 0 0 0 0])
  ("re-find" .
   [0 0 0 0 0 0 1])
  ("defn" .
   [1 0 0 0])
  ("if-not" .
   [0 0 0 1 0 0])
  ("pprint" .
   [0 0 1 0 0 2])
  ("sh" .
   [1 0])
  ("-main" .
   [1 0 0 1 0])
  ("->Vec" .
   [0 1 0 0 0])
  ("dired-config" .
   [0 0 0 0 0 0 0 0 0 1 0 0])
  ("require" .
   [0 0 0 1 2 0 0])
  ("exit" .
   [3 0 0 0])
  ("html" .
   [2 0 0 0])
  ("$html" .
   [1 0 0 0 0])
  ("$title" .
   [3 0 0 0 0 0])
  ("preg_replace" .
   [1 0 0 0 0 0 0 1 0 0 0 0])
  ("nx" .
   [1 0])
  ("span" .
   [0 0 1 0])
  ("start" .
   [0 0 1 0 0])
  ("function" .
   [0 0 0 0 0 0 0 2])
  ("$all" .
   [8 0 0 0])
  ("$body" .
   [1 0 0 0 0])
  ("$this" .
   [5 0 0 0 0])
  ("tpl_top" .
   [1 0 0 0 0 0 0])
  ("return" .
   [1 0 1 3 0 5])
  ("$tip" .
   [1 0 0 0])
  ("$key" .
   [3 0 0 0])
  ("smarty-mode" .
   [0 0 0 1 0 0 0 0 0 0 0])
  ("php-types" .
   [0 0 0 1 0 0 0 0 0])
  ("locate" .
   [0 0 0 0 0 1])
  ("local-set-key" .
   [0 0 0 0 0 0 0 0 1 0 0 0 0])
  ("org" .
   [1 0 0])
  ("misc" .
   [1 0 0 0])
  ("a373" .
   [2 0 0 0])
  ("3" .
   [1])
  ("10000" .
   [3 0 0 0 0])
  ("285" .
   [1 0 0])
  ("$id" .
   [1 0 0])
  ("and" .
   [1 0 0])
  ("objc" .
   [2 0 0 0])
  ("148" .
   [3 0 0])
  ("130" .
   [3 0 0])
  ("39" .
   [3 0])
  ("80" .
   [6 0])
  ("40" .
   [4 0])
  ("30" .
   [3 0])
  ("31" .
   [3 0])
  ("12" .
   [5 0])
  ("1" .
   [6])
  ("120" .
   [3 0 0])
  ("99" .
   [1 0])
  ("320" .
   [3 0 0])
  ("kj" .
   [9 0])
  ("bbb" .
   [2 0 0])
  ("NSString" .
   [0 0 0 0 0 1 0 0])
  ("name" .
   [3 0 0 0])
  ("yao" .
   [5 0 0])
  ("NSSelectorFromString" .
   [0 0 0 0 0 0 1 0 0 0 0 0 0 0 0 0 0 0 0 1])
  ("sel" .
   [2 0 0])
  ("i" .
   [1])
  ("if" .
   [3 0])
  ("action" .
   [1 0 0 0 0 0])
  ("fun" .
   [3 0 0])
  ("den" .
   [1 0 0])
  ("about" .
   [1 0 0 0 0])
  ("img1" .
   [5 0 0 0])
  ("img2" .
   [3 0 0 0])
  ("img3" .
   [3 0 0 0])
  ("img4" .
   [2 0 0 0])
  ("job" .
   [3 0 0])
  ("116" .
   [7 0 0])
  ("222" .
   [3 0 0])
  ("self" .
   [5 0 0 0])
  ("r" .
   [3])
  ("NSView" .
   [0 0 0 1 1 0])
  ("view" .
   [3 0 1 0])
  ("newView" .
   [0 0 0 1 1 0 0])
  ("400" .
   [1 0 0])
  ("300" .
   [1 0 0])
  ("label" .
   [1 0 0 1 0])
  ("whiteColor" .
   [0 0 0 0 2 0 0 0 0 0])
  ("green" .
   [2 0 0 2 1])
  ("white" .
   [0 0 0 1 0])
  ("200" .
   [1 0 0])
  ("viewDidLoad" .
   [0 0 0 0 1 0 0 0 0 0 0])
  ("sleepForTimeInterval" .
   [0 0 0 0 1 0 0 0 0 0 0 0 0 0 0 0 0 0 0 0])
  ("new" .
   [1 0 0])
  ("gs_kj" .
   [4 0 0 0 0])
  ("textField" .
   [1 0 0 0 0 0 0 0 1])
  ("isEqual" .
   [0 0 1 0 0 0 0])
  ("y" .
   [1])
  ("YES" .
   [0 0 1])
  ("dizhi_kj" .
   [0 0 0 2 0 0 0 0])
  ("Dispose" .
   [0 0 0 1 0 0 0])
  ("$num" .
   [2 0 0 0])
  ("getone" .
   [3 0 0 0 0 0])
  ("$c_id" .
   [1 0 0 0 0])
  ("it_data" .
   [0 0 0 0 0 1 0])
  ("$q" .
   [1 0])
  ("forward_static_call_array" .
   [0 0 0 1 0 0 0 0 0 0 0 0 0 0 0 0 0 0 0 0 0 0 0 0 0])
  ("$url" .
   [1 0 0 0])
  ("buffer-name" .
   [0 0 0 0 0 0 0 0 1 0 0])
  ("contains" .
   [0 0 0 0 0 1 0 0])
  ("concat" .
   [0 0 0 0 0 2])
  ("my-jump" .
   [1 0 0 0 0 0 0])
  ("alert" .
   [1 0 0 1 1])
  ("jqXHR" .
   [0 0 1 0 1])
  ("debug" .
   [0 0 0 1 0])
  ("settings" .
   [0 0 0 1 0 0 0 0])
  ("str" .
   [2 0 0])
  ("css" .
   [1 0 0])
  ("parent" .
   [0 0 0 2 0 1])
  ("console" .
   [0 0 0 0 1 0 0])
  ("log" .
   [0 0 1])
  ("getcol1" .
   [0 0 0 0 0 0 1])
  ("gongzi" .
   [1 0 0 0 0 0])
  ("city" .
   [1 0 0 0])
  ("$gongzuo" .
   [3 0 0 0 0 0 0 0])
  ("$min_id" .
   [1 0 0 0 0 0 0])
  ("getrow" .
   [1 0 0 0 0 0])
  ("$gz_rs" .
   [1 0 0 0 0 0])
  ("$gongzi" .
   [0 0 0 0 0 0 1])
  ("$gz_name" .
   [1 0 0 0 0 0 0 0])
  ("test1" .
   [0 0 0 0 1])
  ("xs" .
   [3 0])
  ("$xs" .
   [5 0 0])
  ("$" .
   [1])
  ("1000" .
   [2 0 0 0])
  ("org-publish-org-to-html" .
   [0 0 0 0 0 0 0 0 0 0 0 0 1 0 0 0 0 0 0 0 0 0 0])
  ("ox-html" .
   [0 0 0 0 1 0 0])
  ("zan_num" .
   [1 0 0 0 0 0 0])
  ("Bangdan" .
   [0 0 3 2 0 0 1])
  ("index" .
   [1 0 0 0 0])
  ("filter" .
   [0 0 1 0 0 2])
  ("p" .
   [1])
  ("bds" .
   [2 0 0])
  ("links" .
   [2 0 0 0 0])
  ("of" .
   [0 1])
  ("objects" .
   [0 0 1 0 0 0 0])
  ("Pinglun" .
   [0 0 0 1 0 0 0])
  ("model" .
   [0 0 0 0 2])
  ("signals" .
   [0 0 1 0 0 0 0])
  ("post_delete" .
   [0 0 0 2 0 0 0 0 0 0 0])
  ("post_save" .
   [0 0 0 0 0 0 0 1 0])
  ("dz" .
   [7 0])
  ("validate_unique" .
   [0 0 1 0 0 0 0 0 0 0 0 0 0 0 0])
  ("unique" .
   [0 0 0 0 0 1])
  ("full_clean" .
   [0 0 0 1 0 0 0 0 0 0])
  ("error" .
   [0 0 1 0 1])
  ("logg" .
   [0 0 0 1])
  ("logger" .
   [1 0 0 0 0 0])
  ("MemoryError" .
   [0 1 0 0 0 0 0 0 0 0 0])
  ("Model" .
   [0 0 1 0 0])
  ("pre_save" .
   [0 0 0 1 0 0 0 0])
  ("Dongzuo" .
   [0 0 0 1 0 0 0])
  ("instance" .
   [0 0 0 1 0 0 0 0])
  ("sinica_treebank" .
   [0 0 0 2 0 0 0 0 0 0 0 0 0 0 0])
  ("tagged_sents" .
   [0 0 0 2 4 1 0 0 0 0 0 1])
  ("sents" .
   [1 0 1 0 0])
  ("UnicodeError" .
   [0 0 0 1 0 0 0 0 0 0 0 0])
  ("tagger" .
   [7 0 0 0 0 0])
  ("evaluate" .
   [0 0 0 0 0 0 0 1])
  ("word" .
   [2 0 0 0])
  ("cfd2" .
   [0 0 1 0])
  ("key" .
   [3 0 0])
  ("data" .
   [3 0 1 0])
  ("filenf" .
   [0 0 0 0 0 1])
  ("filename" .
   [0 0 0 2 0 2 0 0])
  ("todata" .
   [1 0 0 0 0 1])
  ("tofile" .
   [0 0 0 0 0 1])
  ("f" .
   [1])))
